4 0.445313 0.951172 0.214843 0.093750
4 0.164062 0.677735 0.070314 0.074218
4 0.242187 0.681640 0.074218 0.085937
4 0.375000 0.722656 0.175780 0.078126
4 0.525391 0.718750 0.078126 0.085937
4 0.609374 0.723633 0.074218 0.080078
4 0.702149 0.721680 0.087890 0.091797
4 0.790039 0.724609 0.083985 0.085937
4 0.769530 0.622071 0.078126 0.083984
4 0.650392 0.634766 0.136720 0.078126
4 0.617189 0.527343 0.089845 0.054687
4 0.597657 0.483398 0.136720 0.052734
4 0.091797 0.994141 0.183594 0.007813
4 0.100585 0.960937 0.201171 0.074219
4 0.099609 0.910156 0.199217 0.074218
4 0.063476 0.869140 0.126953 0.089844
4 0.815430 0.379882 0.064454 0.060547
4 0.970704 0.268555 0.054687 0.044921
4 0.820312 0.227540 0.039063 0.041016
4 0.693359 0.317382 0.019531 0.033203
11 0.018554 0.469726 0.037109 0.099610
5 0.368165 0.255860 0.060547 0.039063
11 0.703124 0.227540 0.023439 0.033203
1 0.699219 0.203125 0.011719 0.019531
4 0.492188 0.271484 0.074218 0.035156
4 0.679688 0.142578 0.027343 0.023437
4 0.803711 0.207031 0.025391 0.027344
4 0.652344 0.107421 0.023439 0.019531
4 0.682618 0.097656 0.017579 0.023437
4 0.664064 0.081054 0.023439 0.021484
4 0.649414 0.093750 0.017579 0.019531
4 0.612304 0.089844 0.021484 0.019531
4 0.628905 0.079101 0.015624 0.021484
4 0.623046 0.058594 0.019531 0.015626
4 0.575196 0.052734 0.017579 0.015626
4 0.525391 0.097656 0.046875 0.015626
4 0.630860 0.040038 0.015624 0.013671
0 0.406251 0.047851 0.156251 0.095703
4 0.496093 0.015626 0.011719 0.011719
4 0.512695 0.014649 0.013672 0.013671
4 0.508790 0.026367 0.013672 0.009766
4 0.549805 0.026367 0.013672 0.013671
4 0.531251 0.026367 0.015624 0.013671
4 0.530274 0.013671 0.009764 0.011719
4 0.738282 0.060547 0.023439 0.015626
4 0.724610 0.057617 0.019531 0.013671
4 0.552735 0.011719 0.011719 0.011719
4 0.578126 0.022461 0.011719 0.017579
4 0.563477 0.009766 0.009764 0.015626
0 0.655274 0.030273 0.107421 0.060546
