4 0.975586 0.994141 0.044922 0.007813
4 0.982422 0.960937 0.031250 0.074219
4 0.994140 0.910156 0.007813 0.074218
4 0.960937 0.869140 0.074220 0.089844
11 0.876953 0.469726 0.242187 0.099610
6 0.738281 0.354492 0.183595 0.126953
6 0.679687 0.360351 0.203126 0.126953
6 0.454102 0.328125 0.208983 0.125000
6 0.386718 0.330078 0.230470 0.121094
6 0.250001 0.314454 0.191407 0.101563
6 0.152344 0.312500 0.179687 0.078126
6 0.048827 0.314454 0.085938 0.089844
6 0.088867 0.538086 0.177735 0.173828
4 0.053712 0.805665 0.107421 0.126953
4 0.143554 0.825196 0.173828 0.115234
4 0.255861 0.814453 0.125000 0.074218
4 0.378906 0.801757 0.113281 0.072266
4 0.479493 0.819336 0.099609 0.076171
10 0.656250 0.817383 0.082030 0.037110
6 0.150392 0.310547 0.179687 0.078126
10 0.584962 0.822266 0.044922 0.027344
