4 0.314705 0.907190 0.079413 0.099346
4 0.402941 0.912418 0.083823 0.115032
4 0.552941 0.956539 0.198528 0.083015
4 0.722795 0.951311 0.088236 0.093471
4 0.817646 0.956540 0.083823 0.083014
4 0.922427 0.951311 0.099264 0.093471
4 0.986155 0.955232 0.023783 0.085629
4 0.976228 0.832680 0.043637 0.112418
4 0.863972 0.849674 0.154413 0.104576
4 0.826472 0.705882 0.101472 0.073202
4 0.804413 0.647058 0.154413 0.070588
4 0.912500 0.424836 0.022059 0.044444
11 0.085662 0.628758 0.171323 0.133334
5 0.545222 0.342484 0.068382 0.052288
11 0.923528 0.304576 0.026472 0.044444
1 0.919118 0.271896 0.013236 0.026144
4 0.685295 0.363398 0.083823 0.047058
4 0.897059 0.190850 0.030882 0.031372
4 0.866177 0.143790 0.026472 0.026144
4 0.900368 0.130718 0.019854 0.031372
4 0.879413 0.108496 0.026472 0.028758
4 0.862868 0.125490 0.019854 0.026144
4 0.820955 0.120262 0.024264 0.026144
4 0.839705 0.105882 0.017646 0.028758
4 0.833087 0.078432 0.022059 0.020916
4 0.779045 0.070588 0.019854 0.020916
4 0.722795 0.130718 0.052941 0.020916
4 0.841913 0.053594 0.017646 0.018300
0 0.588236 0.064052 0.176472 0.128104
4 0.689705 0.020916 0.013236 0.015686
4 0.708455 0.019608 0.015441 0.018300
4 0.704045 0.035294 0.015441 0.013072
4 0.750368 0.035294 0.015441 0.018300
4 0.729413 0.035294 0.017646 0.018300
4 0.728309 0.018300 0.011028 0.015686
4 0.963236 0.081046 0.026472 0.020916
4 0.947795 0.077124 0.022059 0.018300
4 0.753677 0.015686 0.013236 0.015686
4 0.782354 0.030066 0.013236 0.023530
4 0.765809 0.013072 0.011028 0.020916
0 0.869486 0.040523 0.121323 0.081045
