4 0.034559 0.955232 0.069118 0.085629
4 0.021323 0.832680 0.042646 0.112418
4 0.050368 0.508496 0.072795 0.081046
4 0.237868 0.359478 0.086028 0.060130
4 0.055882 0.304576 0.044118 0.054902
4 0.728677 0.409150 0.088236 0.054902
1 0.511396 0.444444 0.019854 0.057516
1 0.354778 0.385620 0.033087 0.049674
1 0.301837 0.437908 0.024264 0.044444
6 0.939464 0.456210 0.117165 0.112418
6 0.900736 0.448366 0.185295 0.101960
4 0.307354 0.295424 0.044118 0.036602
4 0.037132 0.277124 0.028677 0.036602
4 0.683455 0.380392 0.103677 0.044444
